kinematics:
  shoulder:
    x: 0
    y: 0
    z: 0.18089929897345869
    roll: -0
    pitch: 0
    yaw: 4.9920067650595368e-07
  upper_arm:
    x: 0.00024577277655024203
    y: 0
    z: 0
    roll: 1.5707436340742376
    pitch: 0
    yaw: -4.2236865107136357e-06
  forearm:
    x: -0.47853977555095029
    y: 0
    z: 0
    roll: 0.001352152180497883
    pitch: 0.0011260889394865811
    yaw: 7.4521508906858425e-06
  wrist_1:
    x: -0.35974650583077616
    y: 0.00047271248568912192
    z: 0.17440241929323577
    roll: 3.1388821904552064
    pitch: 3.1403471820002111
    yaw: 3.1415916030880484
  wrist_2:
    x: -1.2756415854034313e-05
    y: -0.11985478976048827
    z: 4.0764039292291722e-05
    roll: 1.5704562149161645
    pitch: 0
    yaw: -3.8980999926205295e-06
  wrist_3:
    x: -3.9342928966157149e-05
    y: 0.11539736167478107
    z: 6.3996543568745789e-05
    roll: 1.5713509021862153
    pitch: 3.1415926535897931
    yaw: 3.1415926114956636
  hash: calib_1588877523983968359